0.000000e+00 -1.129403e+00
9.609610e-02 -1.128515e+00
1.921922e-01 -1.125858e+00
2.882883e-01 -1.121448e+00
3.843844e-01 -1.115312e+00
4.804805e-01 -1.107489e+00
5.765766e-01 -1.098026e+00
6.726727e-01 -1.086981e+00
7.687688e-01 -1.074424e+00
8.648649e-01 -1.060430e+00
9.609610e-01 -1.045085e+00
1.057057e+00 -1.028481e+00
1.153153e+00 -1.010720e+00
1.249249e+00 -9.919069e-01
1.345345e+00 -9.721547e-01
1.441441e+00 -9.515806e-01
1.537538e+00 -9.303056e-01
1.633634e+00 -9.084545e-01
1.729730e+00 -8.861544e-01
1.825826e+00 -8.635341e-01
1.921922e+00 -8.407235e-01
2.018018e+00 -8.178527e-01
2.114114e+00 -7.950512e-01
2.210210e+00 -7.724474e-01
2.306306e+00 -7.501677e-01
2.402402e+00 -7.283357e-01
2.498498e+00 -7.070723e-01
2.594595e+00 -6.864942e-01
2.690691e+00 -6.667140e-01
2.786787e+00 -6.478393e-01
2.882883e+00 -6.299726e-01
2.978979e+00 -6.132105e-01
3.075075e+00 -5.976435e-01
3.171171e+00 -5.833555e-01
3.267267e+00 -5.704237e-01
3.363363e+00 -5.589180e-01
3.459459e+00 -5.489010e-01
3.555556e+00 -5.404277e-01
3.651652e+00 -5.335450e-01
3.747748e+00 -5.282919e-01
3.843844e+00 -5.246993e-01
3.939940e+00 -5.227897e-01
4.036036e+00 -5.225772e-01
4.132132e+00 -5.240674e-01
4.228228e+00 -5.272574e-01
4.324324e+00 -5.321358e-01
4.420420e+00 -5.386825e-01
4.516517e+00 -5.468692e-01
4.612613e+00 -5.566589e-01
4.708709e+00 -5.680063e-01
4.804805e+00 -5.808580e-01
4.900901e+00 -5.951525e-01
4.996997e+00 -6.108202e-01
5.093093e+00 -6.277840e-01
5.189189e+00 -6.459594e-01
5.285285e+00 -6.652547e-01
5.381381e+00 -6.855714e-01
5.477477e+00 -7.068045e-01
5.573574e+00 -7.288430e-01
5.669670e+00 -7.515703e-01
5.765766e+00 -7.748648e-01
5.861862e+00 -7.986002e-01
5.957958e+00 -8.226464e-01
6.054054e+00 -8.468697e-01
6.150150e+00 -8.711341e-01
6.246246e+00 -8.953013e-01
6.342342e+00 -9.192319e-01
6.438438e+00 -9.427862e-01
6.534535e+00 -9.658247e-01
6.630631e+00 -9.882094e-01
6.726727e+00 -1.009804e+00
6.822823e+00 -1.030476e+00
6.918919e+00 -1.050096e+00
7.015015e+00 -1.068539e+00
7.111111e+00 -1.085688e+00
7.207207e+00 -1.101429e+00
7.303303e+00 -1.115659e+00
7.399399e+00 -1.128280e+00
7.495495e+00 -1.139206e+00
7.591592e+00 -1.148358e+00
7.687688e+00 -1.155669e+00
7.783784e+00 -1.161083e+00
7.879880e+00 -1.164554e+00
7.975976e+00 -1.166050e+00
8.072072e+00 -1.165549e+00
8.168168e+00 -1.163043e+00
8.264264e+00 -1.158535e+00
8.360360e+00 -1.152043e+00
8.456456e+00 -1.143594e+00
8.552553e+00 -1.133231e+00
8.648649e+00 -1.121006e+00
8.744745e+00 -1.106985e+00
8.840841e+00 -1.091244e+00
8.936937e+00 -1.073870e+00
9.033033e+00 -1.054959e+00
9.129129e+00 -1.034619e+00
9.225225e+00 -1.012963e+00
9.321321e+00 -9.901154e-01
9.417417e+00 -9.662051e-01
9.513514e+00 -9.413684e-01
9.609610e+00 -9.157464e-01
9.705706e+00 -8.894848e-01
9.801802e+00 -8.627326e-01
9.897898e+00 -8.356414e-01
9.993994e+00 -8.083643e-01
1.009009e+01 -7.810555e-01
1.018619e+01 -7.538689e-01
1.028228e+01 -7.269575e-01
1.037838e+01 -7.004727e-01
1.047447e+01 -6.745634e-01
1.057057e+01 -6.493754e-01
1.066667e+01 -6.250506e-01
1.076276e+01 -6.017262e-01
1.085886e+01 -5.795347e-01
1.095495e+01 -5.586024e-01
1.105105e+01 -5.390498e-01
1.114715e+01 -5.209906e-01
1.124324e+01 -5.045311e-01
1.133934e+01 -4.897704e-01
1.143544e+01 -4.767992e-01
1.153153e+01 -4.657003e-01
1.162763e+01 -4.565475e-01
1.172372e+01 -4.494058e-01
1.181982e+01 -4.443308e-01
1.191592e+01 -4.413689e-01
1.201201e+01 -4.405564e-01
1.210811e+01 -4.419199e-01
1.220420e+01 -4.454758e-01
1.230030e+01 -4.512303e-01
1.239640e+01 -4.591789e-01
1.249249e+01 -4.693067e-01
1.258859e+01 -4.815880e-01
1.268468e+01 -4.959865e-01
1.278078e+01 -5.124549e-01
1.287688e+01 -5.309351e-01
1.297297e+01 -5.513578e-01
1.306907e+01 -5.736434e-01
1.316517e+01 -5.977009e-01
1.326126e+01 -6.234289e-01
1.335736e+01 -6.507154e-01
1.345345e+01 -6.794378e-01
1.354955e+01 -7.094636e-01
1.364565e+01 -7.406502e-01
1.374174e+01 -7.728456e-01
1.383784e+01 -8.058886e-01
1.393393e+01 -8.396096e-01
1.403003e+01 -8.738308e-01
1.412613e+01 -9.083672e-01
1.422222e+01 -9.430270e-01
1.431832e+01 -9.776129e-01
1.441441e+01 -1.011922e+00
1.451051e+01 -1.045749e+00
1.460661e+01 -1.078885e+00
1.470270e+01 -1.111118e+00
1.479880e+01 -1.142239e+00
1.489489e+01 -1.172037e+00
1.499099e+01 -1.200306e+00
1.508709e+01 -1.226841e+00
1.518318e+01 -1.251446e+00
1.527928e+01 -1.273930e+00
1.537538e+01 -1.294110e+00
1.547147e+01 -1.311815e+00
1.556757e+01 -1.326883e+00
1.566366e+01 -1.339169e+00
1.575976e+01 -1.348540e+00
1.585586e+01 -1.354880e+00
1.595195e+01 -1.358089e+00
1.604805e+01 -1.358086e+00
1.614414e+01 -1.354811e+00
1.624024e+01 -1.348221e+00
1.633634e+01 -1.338298e+00
1.643243e+01 -1.325040e+00
1.652853e+01 -1.308472e+00
1.662462e+01 -1.288636e+00
1.672072e+01 -1.265598e+00
1.681682e+01 -1.239446e+00
1.691291e+01 -1.210285e+00
1.700901e+01 -1.178244e+00
1.710511e+01 -1.143469e+00
1.720120e+01 -1.106125e+00
1.729730e+01 -1.066393e+00
1.739339e+01 -1.024471e+00
1.748949e+01 -9.805709e-01
1.758559e+01 -9.349183e-01
1.768168e+01 -8.877504e-01
1.777778e+01 -8.393147e-01
1.787387e+01 -7.898677e-01
1.796997e+01 -7.396735e-01
1.806607e+01 -6.890021e-01
1.816216e+01 -6.381286e-01
1.825826e+01 -5.873316e-01
1.835435e+01 -5.368920e-01
1.845045e+01 -4.870920e-01
1.854655e+01 -4.382138e-01
1.864264e+01 -3.905392e-01
1.873874e+01 -3.443482e-01
1.883483e+01 -2.999185e-01
1.893093e+01 -2.575251e-01
1.902703e+01 -2.174390e-01
1.912312e+01 -1.799278e-01
1.921922e+01 -1.452543e-01
1.931532e+01 -1.136769e-01
1.941141e+01 -8.544926e-02
1.950751e+01 -6.081985e-02
1.960360e+01 -4.003231e-02
1.969970e+01 -2.332524e-02
1.979580e+01 -1.093233e-02
1.989189e+01 -3.082486e-03
1.998799e+01 0.000000e+00
2.008408e+01 -1.904782e-03
2.018018e+01 -9.012635e-03
2.027628e+01 -2.153556e-02
2.037237e+01 -3.968210e-02
2.046847e+01 -6.365773e-02
2.056456e+01 -9.366525e-02
2.066066e+01 -1.299053e-01
2.075676e+01 -1.725766e-01
2.085285e+01 -2.218767e-01
2.094895e+01 -2.780026e-01
2.104505e+01 -3.411508e-01
2.114114e+01 -4.115184e-01
2.123724e+01 -4.893034e-01
2.133333e+01 -5.747055e-01
2.142943e+01 -6.679265e-01
2.152553e+01 -7.691716e-01
2.162162e+01 -8.786494e-01
2.171772e+01 -9.965734e-01
2.181381e+01 -1.123162e+00
2.190991e+01 -1.258641e+00
2.200601e+01 -1.403241e+00
2.210210e+01 -1.557205e+00
2.219820e+01 -1.720782e+00
2.229429e+01 -1.894232e+00
2.239039e+01 -2.077830e+00
2.248649e+01 -2.271861e+00
2.258258e+01 -2.476627e+00
2.267868e+01 -2.692446e+00
2.277477e+01 -2.919656e+00
2.287087e+01 -3.158616e+00
2.296697e+01 -3.409709e+00
2.306306e+01 -3.673343e+00
2.315916e+01 -3.949956e+00
2.325526e+01 -4.240023e+00
2.335135e+01 -4.544050e+00
2.344745e+01 -4.862592e+00
2.354354e+01 -5.196248e+00
2.363964e+01 -5.545672e+00
2.373574e+01 -5.911580e+00
2.383183e+01 -6.294758e+00
2.392793e+01 -6.696075e+00
2.402402e+01 -7.116491e+00
2.412012e+01 -7.557074e+00
2.421622e+01 -8.019020e+00
2.431231e+01 -8.503671e+00
2.440841e+01 -9.012544e+00
2.450450e+01 -9.547362e+00
2.460060e+01 -1.011009e+01
2.469670e+01 -1.070301e+01
2.479279e+01 -1.132875e+01
2.488889e+01 -1.199040e+01
2.498498e+01 -1.269160e+01
2.508108e+01 -1.343671e+01
2.517718e+01 -1.423100e+01
2.527327e+01 -1.508093e+01
2.536937e+01 -1.599454e+01
2.546547e+01 -1.698204e+01
2.556156e+01 -1.805665e+01
2.565766e+01 -1.923595e+01
2.575375e+01 -2.054405e+01
2.584985e+01 -2.201533e+01
2.594595e+01 -2.370126e+01
2.604204e+01 -2.568416e+01
2.613814e+01 -2.810825e+01
2.623423e+01 -3.126339e+01
2.633033e+01 -3.588780e+01
2.642643e+01 -4.525337e+01
2.652252e+01 -4.706269e+01
2.661862e+01 -3.730783e+01
2.671471e+01 -3.309804e+01
2.681081e+01 -3.047343e+01
2.690691e+01 -2.862027e+01
2.700300e+01 -2.722859e+01
2.709910e+01 -2.614689e+01
2.719520e+01 -2.528987e+01
2.729129e+01 -2.460485e+01
2.738739e+01 -2.405712e+01
2.748348e+01 -2.362271e+01
2.757958e+01 -2.328452e+01
2.767568e+01 -2.302997e+01
2.777177e+01 -2.284972e+01
2.786787e+01 -2.273673e+01
2.796396e+01 -2.268568e+01
2.806006e+01 -2.269263e+01
2.815616e+01 -2.275471e+01
2.825225e+01 -2.286998e+01
2.834835e+01 -2.303727e+01
2.844444e+01 -2.325617e+01
2.854054e+01 -2.352697e+01
2.863664e+01 -2.385067e+01
2.873273e+01 -2.422904e+01
2.882883e+01 -2.466470e+01
2.892492e+01 -2.516127e+01
2.902102e+01 -2.572361e+01
2.911712e+01 -2.635809e+01
2.921321e+01 -2.707314e+01
2.930931e+01 -2.787993e+01
2.940541e+01 -2.879347e+01
2.950150e+01 -2.983445e+01
2.959760e+01 -3.103224e+01
2.969369e+01 -3.243026e+01
2.978979e+01 -3.409651e+01
2.988589e+01 -3.614600e+01
2.998198e+01 -3.879720e+01
3.007808e+01 -4.255092e+01
3.017417e+01 -4.908223e+01
3.027027e+01 -6.998452e+01
3.036637e+01 -4.791237e+01
3.046246e+01 -4.240366e+01
3.055856e+01 -3.918411e+01
3.065465e+01 -3.694550e+01
3.075075e+01 -3.526009e+01
3.084685e+01 -3.393376e+01
3.094294e+01 -3.286193e+01
3.103904e+01 -3.198183e+01
3.113514e+01 -3.125295e+01
3.123123e+01 -3.064766e+01
3.132733e+01 -3.014639e+01
3.142342e+01 -2.973483e+01
3.151952e+01 -2.940231e+01
3.161562e+01 -2.914076e+01
3.171171e+01 -2.894399e+01
3.180781e+01 -2.880731e+01
3.190390e+01 -2.872714e+01
3.200000e+01 -2.870086e+01
3.209610e+01 -2.872665e+01
3.219219e+01 -2.880337e+01
3.228829e+01 -2.893053e+01
3.238438e+01 -2.910826e+01
3.248048e+01 -2.933730e+01
3.257658e+01 -2.961906e+01
3.267267e+01 -2.995568e+01
3.276877e+01 -3.035011e+01
3.286486e+01 -3.080635e+01
3.296096e+01 -3.132962e+01
3.305706e+01 -3.192674e+01
3.315315e+01 -3.260669e+01
3.324925e+01 -3.338132e+01
3.334535e+01 -3.426666e+01
3.344144e+01 -3.528482e+01
3.353754e+01 -3.646742e+01
3.363363e+01 -3.786168e+01
3.372973e+01 -3.954245e+01
3.382583e+01 -4.163878e+01
3.392192e+01 -4.440311e+01
3.401802e+01 -4.844517e+01
3.411411e+01 -5.608677e+01
3.421021e+01 -6.438258e+01
3.430631e+01 -5.129222e+01
3.440240e+01 -4.640398e+01
3.449850e+01 -4.338773e+01
3.459459e+01 -4.123528e+01
3.469069e+01 -3.958701e+01
3.478679e+01 -3.827281e+01
3.488288e+01 -3.719874e+01
3.497898e+01 -3.630744e+01
3.507508e+01 -3.556145e+01
3.517117e+01 -3.493499e+01
3.526727e+01 -3.440964e+01
3.536336e+01 -3.397191e+01
3.545946e+01 -3.361165e+01
3.555556e+01 -3.332115e+01
3.565165e+01 -3.309451e+01
3.574775e+01 -3.292721e+01
3.584384e+01 -3.281581e+01
3.593994e+01 -3.275780e+01
3.603604e+01 -3.275140e+01
3.613213e+01 -3.279550e+01
3.622823e+01 -3.288963e+01
3.632432e+01 -3.303388e+01
3.642042e+01 -3.322896e+01
3.651652e+01 -3.347621e+01
3.661261e+01 -3.377765e+01
3.670871e+01 -3.413613e+01
3.680480e+01 -3.455541e+01
3.690090e+01 -3.504049e+01
3.699700e+01 -3.559783e+01
3.709309e+01 -3.623591e+01
3.718919e+01 -3.696592e+01
3.728529e+01 -3.780287e+01
3.738138e+01 -3.876737e+01
3.747748e+01 -3.988863e+01
3.757357e+01 -4.120981e+01
3.766967e+01 -4.279835e+01
3.776577e+01 -4.476815e+01
3.786186e+01 -4.733499e+01
3.795796e+01 -5.099144e+01
3.805405e+01 -5.736854e+01
3.815015e+01 -8.036298e+01
3.824625e+01 -5.636191e+01
3.834234e+01 -5.071790e+01
3.843844e+01 -4.740731e+01
3.853453e+01 -4.508976e+01
3.863063e+01 -4.333066e+01
3.872673e+01 -4.193355e+01
3.882282e+01 -4.079281e+01
3.891892e+01 -3.984513e+01
3.901502e+01 -3.904967e+01
3.911111e+01 -3.837860e+01
3.920721e+01 -3.781218e+01
3.930330e+01 -3.733599e+01
3.939940e+01 -3.693926e+01
3.949550e+01 -3.661381e+01
3.959159e+01 -3.635337e+01
3.968769e+01 -3.615313e+01
3.978378e+01 -3.600943e+01
3.987988e+01 -3.591954e+01
3.997598e+01 -3.588149e+01
4.007207e+01 -3.589401e+01
4.016817e+01 -3.595645e+01
4.026426e+01 -3.606874e+01
4.036036e+01 -3.623138e+01
4.045646e+01 -3.644550e+01
4.055255e+01 -3.671288e+01
4.064865e+01 -3.703605e+01
4.074474e+01 -3.741843e+01
4.084084e+01 -3.786451e+01
4.093694e+01 -3.838018e+01
4.103303e+01 -3.897308e+01
4.112913e+01 -3.965326e+01
4.122523e+01 -4.043411e+01
4.132132e+01 -4.133383e+01
4.141742e+01 -4.237788e+01
4.151351e+01 -4.360321e+01
4.160961e+01 -4.506622e+01
4.170571e+01 -4.685908e+01
4.180180e+01 -4.914786e+01
4.189790e+01 -5.228120e+01
4.199399e+01 -5.722236e+01
4.209009e+01 -6.965302e+01
4.218619e+01 -6.303071e+01
4.228228e+01 -5.528352e+01
4.237838e+01 -5.133241e+01
4.247447e+01 -4.869642e+01
4.257057e+01 -4.674209e+01
4.266667e+01 -4.520988e+01
4.276276e+01 -4.396787e+01
4.285886e+01 -4.293982e+01
4.295495e+01 -4.207776e+01
4.305105e+01 -4.134963e+01
4.314715e+01 -4.073300e+01
4.324324e+01 -4.021165e+01
4.333934e+01 -3.977356e+01
4.343544e+01 -3.940963e+01
4.353153e+01 -3.911293e+01
4.362763e+01 -3.887813e+01
4.372372e+01 -3.870113e+01
4.381982e+01 -3.857886e+01
4.391592e+01 -3.850907e+01
4.401201e+01 -3.849021e+01
4.410811e+01 -3.852137e+01
4.420420e+01 -3.860224e+01
4.430030e+01 -3.873307e+01
4.439640e+01 -3.891472e+01
4.449249e+01 -3.914865e+01
4.458859e+01 -3.943705e+01
4.468468e+01 -3.978291e+01
4.478078e+01 -4.019020e+01
4.487688e+01 -4.066412e+01
4.497297e+01 -4.121141e+01
4.506907e+01 -4.184092e+01
4.516517e+01 -4.256432e+01
4.526126e+01 -4.339732e+01
4.535736e+01 -4.436158e+01
4.545345e+01 -4.548796e+01
4.554955e+01 -4.682235e+01
4.564565e+01 -4.843719e+01
4.574174e+01 -5.045652e+01
4.583784e+01 -5.312049e+01
4.593393e+01 -5.699842e+01
4.603003e+01 -6.415701e+01
4.612613e+01 -7.554261e+01
4.622222e+01 -6.051015e+01
4.631832e+01 -5.537176e+01
4.641441e+01 -5.223310e+01
4.651051e+01 -4.999586e+01
4.660661e+01 -4.827903e+01
4.670270e+01 -4.690477e+01
4.679880e+01 -4.577568e+01
4.689489e+01 -4.483263e+01
4.699099e+01 -4.403711e+01
4.708709e+01 -4.336272e+01
4.718318e+01 -4.279062e+01
4.727928e+01 -4.230702e+01
4.737538e+01 -4.190156e+01
4.747147e+01 -4.156637e+01
4.756757e+01 -4.129541e+01
4.766366e+01 -4.108403e+01
4.775976e+01 -4.092871e+01
4.785586e+01 -4.082680e+01
4.795195e+01 -4.077644e+01
4.804805e+01 -4.077642e+01
4.814414e+01 -4.082612e+01
4.824024e+01 -4.092553e+01
4.833634e+01 -4.107519e+01
4.843243e+01 -4.127626e+01
4.852853e+01 -4.153054e+01
4.862462e+01 -4.184059e+01
4.872072e+01 -4.220985e+01
4.881682e+01 -4.264285e+01
4.891291e+01 -4.314547e+01
4.900901e+01 -4.372541e+01
4.910511e+01 -4.439272e+01
4.920120e+01 -4.516085e+01
4.929730e+01 -4.604803e+01
4.939339e+01 -4.707981e+01
4.948949e+01 -4.829326e+01
4.958559e+01 -4.974496e+01
4.968168e+01 -5.152747e+01
4.977778e+01 -5.380769e+01
4.987387e+01 -5.693654e+01
4.996997e+01 -6.188647e+01
5.006607e+01 -7.446588e+01
5.016216e+01 -6.752153e+01
5.025826e+01 -5.981863e+01
5.035435e+01 -5.586924e+01
5.045045e+01 -5.322708e+01
5.054655e+01 -5.126376e+01
5.064264e+01 -4.972127e+01
5.073874e+01 -4.846826e+01
5.083483e+01 -4.742880e+01
5.093093e+01 -4.655508e+01
5.102703e+01 -4.581511e+01
5.112312e+01 -4.518652e+01
5.121922e+01 -4.465314e+01
5.131532e+01 -4.420294e+01
5.141141e+01 -4.382687e+01
5.150751e+01 -4.351797e+01
5.160360e+01 -4.327094e+01
5.169970e+01 -4.308166e+01
5.179580e+01 -4.294707e+01
5.189189e+01 -4.286490e+01
5.198799e+01 -4.283360e+01
5.208408e+01 -4.285223e+01
5.218018e+01 -4.292047e+01
5.227628e+01 -4.303855e+01
5.237237e+01 -4.320730e+01
5.246847e+01 -4.342814e+01
5.256456e+01 -4.370322e+01
5.266066e+01 -4.403546e+01
5.275676e+01 -4.442876e+01
5.285285e+01 -4.488822e+01
5.294895e+01 -4.542045e+01
5.304505e+01 -4.603411e+01
5.314114e+01 -4.674062e+01
5.323724e+01 -4.755531e+01
5.333333e+01 -4.849927e+01
5.342943e+01 -4.960247e+01
5.352553e+01 -5.090930e+01
5.362162e+01 -5.248942e+01
5.371772e+01 -5.446126e+01
5.381381e+01 -5.705131e+01
5.390991e+01 -6.078544e+01
5.400601e+01 -6.747611e+01
5.410210e+01 -8.373609e+01
5.419820e+01 -6.523366e+01
5.429429e+01 -5.981456e+01
5.439039e+01 -5.656592e+01
5.448649e+01 -5.426669e+01
5.458258e+01 -5.250803e+01
5.467868e+01 -5.110232e+01
5.477477e+01 -4.994780e+01
5.487087e+01 -4.898314e+01
5.496697e+01 -4.816857e+01
5.506306e+01 -4.747692e+01
5.515916e+01 -4.688888e+01
5.525526e+01 -4.639029e+01
5.535135e+01 -4.597058e+01
5.544745e+01 -4.562169e+01
5.554354e+01 -4.533745e+01
5.563964e+01 -4.511311e+01
5.573574e+01 -4.494506e+01
5.583183e+01 -4.483058e+01
5.592793e+01 -4.476773e+01
5.602402e+01 -4.475525e+01
5.612012e+01 -4.479246e+01
5.621622e+01 -4.487928e+01
5.631231e+01 -4.501618e+01
5.640841e+01 -4.520424e+01
5.650450e+01 -4.544520e+01
5.660060e+01 -4.574148e+01
5.669670e+01 -4.609643e+01
5.679279e+01 -4.651438e+01
5.688889e+01 -4.700103e+01
5.698498e+01 -4.756377e+01
5.708108e+01 -4.821230e+01
5.717718e+01 -4.895949e+01
5.727327e+01 -4.982280e+01
5.736937e+01 -5.082654e+01
5.746547e+01 -5.200576e+01
5.756156e+01 -5.341358e+01
5.765766e+01 -5.513589e+01
5.775375e+01 -5.732507e+01
5.784985e+01 -6.029301e+01
5.794595e+01 -6.485988e+01
5.804204e+01 -7.504606e+01
5.813814e+01 -7.336206e+01
5.823423e+01 -6.441998e+01
5.833033e+01 -6.017285e+01
5.842643e+01 -5.739323e+01
5.852252e+01 -5.534860e+01
5.861862e+01 -5.375096e+01
5.871471e+01 -5.245711e+01
5.881081e+01 -5.138547e+01
5.890691e+01 -5.048518e+01
5.900300e+01 -4.972251e+01
5.909910e+01 -4.907396e+01
5.919520e+01 -4.852262e+01
5.929129e+01 -4.805598e+01
5.938739e+01 -4.766460e+01
5.948348e+01 -4.734128e+01
5.957958e+01 -4.708048e+01
5.967568e+01 -4.687795e+01
5.977177e+01 -4.673047e+01
5.986787e+01 -4.663566e+01
5.996396e+01 -4.659186e+01
6.006006e+01 -4.659805e+01
6.015616e+01 -4.665381e+01
6.025225e+01 -4.675927e+01
6.034835e+01 -4.691514e+01
6.044444e+01 -4.712276e+01
6.054054e+01 -4.738413e+01
6.063664e+01 -4.770201e+01
6.073273e+01 -4.808012e+01
6.082883e+01 -4.852329e+01
6.092492e+01 -4.903782e+01
6.102102e+01 -4.963194e+01
6.111712e+01 -5.031645e+01
6.121321e+01 -5.110584e+01
6.130931e+01 -5.201990e+01
6.140541e+01 -5.308655e+01
6.150150e+01 -5.434680e+01
6.159760e+01 -5.586421e+01
6.169369e+01 -5.774491e+01
6.178979e+01 -6.018652e+01
6.188589e+01 -6.362704e+01
6.198198e+01 -6.942304e+01
6.207808e+01 -9.465388e+01
6.217417e+01 -7.051922e+01
6.227027e+01 -6.430144e+01
6.236637e+01 -6.077687e+01
6.246246e+01 -5.833549e+01
6.255856e+01 -5.648870e+01
6.265465e+01 -5.502202e+01
6.275075e+01 -5.382210e+01
6.284685e+01 -5.282176e+01
6.294294e+01 -5.197799e+01
6.303904e+01 -5.126165e+01
6.313514e+01 -5.065216e+01
6.323123e+01 -5.013455e+01
6.332733e+01 -4.969762e+01
6.342342e+01 -4.933290e+01
6.351952e+01 -4.903388e+01
6.361562e+01 -4.879559e+01
6.371171e+01 -4.861418e+01
6.380781e+01 -4.848678e+01
6.390390e+01 -4.841131e+01
6.400000e+01 -4.838636e+01
6.409610e+01 -4.841114e+01
6.419219e+01 -4.848545e+01
6.428829e+01 -4.860963e+01
6.438438e+01 -4.878463e+01
6.448048e+01 -4.901201e+01
6.457658e+01 -4.929406e+01
6.467267e+01 -4.963387e+01
6.476877e+01 -5.003553e+01
6.486486e+01 -5.050439e+01
6.496096e+01 -5.104738e+01
6.505706e+01 -5.167361e+01
6.515315e+01 -5.239507e+01
6.524925e+01 -5.322797e+01
6.534535e+01 -5.419469e+01
6.544144e+01 -5.532724e+01
6.553754e+01 -5.667346e+01
6.563363e+01 -5.830935e+01
6.572973e+01 -6.036638e+01
6.582583e+01 -6.310286e+01
6.592192e+01 -6.714819e+01
6.601802e+01 -7.495559e+01
6.611411e+01 -8.193060e+01
6.621021e+01 -6.947725e+01
6.630631e+01 -6.462493e+01
6.640240e+01 -6.159105e+01
6.649850e+01 -5.940503e+01
6.659459e+01 -5.771642e+01
6.669069e+01 -5.635845e+01
6.678679e+01 -5.523868e+01
6.688288e+01 -5.430053e+01
6.697898e+01 -5.350695e+01
6.707508e+01 -5.283243e+01
6.717117e+01 -5.225871e+01
6.726727e+01 -5.177236e+01
6.736336e+01 -5.136331e+01
6.745946e+01 -5.102386e+01
6.755556e+01 -5.074813e+01
6.765165e+01 -5.053157e+01
6.774775e+01 -5.037074e+01
6.784384e+01 -5.026304e+01
6.793994e+01 -5.020667e+01
6.803604e+01 -5.020043e+01
6.813213e+01 -5.024376e+01
6.822823e+01 -5.033663e+01
6.832432e+01 -5.047961e+01
6.842042e+01 -5.067385e+01
6.851652e+01 -5.092116e+01
6.861261e+01 -5.122408e+01
6.870871e+01 -5.158602e+01
6.880480e+01 -5.201149e+01
6.890090e+01 -5.250631e+01
6.899700e+01 -5.307811e+01
6.909309e+01 -5.373684e+01
6.918919e+01 -5.449580e+01
6.928529e+01 -5.537300e+01
6.938138e+01 -5.639363e+01
6.947748e+01 -5.759419e+01
6.957357e+01 -5.903026e+01
6.966967e+01 -6.079245e+01
6.976577e+01 -6.304340e+01
6.986186e+01 -6.612241e+01
6.995796e+01 -7.095536e+01
7.005405e+01 -8.273636e+01
7.015015e+01 -7.735631e+01
7.024625e+01 -6.933987e+01
7.034234e+01 -6.530805e+01
7.043844e+01 -6.262573e+01
7.053453e+01 -6.063740e+01
7.063063e+01 -5.907705e+01
7.072673e+01 -5.781015e+01
7.082282e+01 -5.675921e+01
7.091892e+01 -5.587559e+01
7.101502e+01 -5.512682e+01
7.111111e+01 -5.449021e+01
7.120721e+01 -5.394939e+01
7.130330e+01 -5.349218e+01
7.139940e+01 -5.310942e+01
7.149550e+01 -5.279407e+01
7.159159e+01 -5.254075e+01
7.168769e+01 -5.234530e+01
7.178378e+01 -5.220460e+01
7.187988e+01 -5.211631e+01
7.197598e+01 -5.207885e+01
7.207207e+01 -5.209123e+01
7.216817e+01 -5.215306e+01
7.226426e+01 -5.226451e+01
7.236036e+01 -5.242633e+01
7.245646e+01 -5.263986e+01
7.255255e+01 -5.290714e+01
7.264865e+01 -5.323096e+01
7.274474e+01 -5.361504e+01
7.284084e+01 -5.406425e+01
7.293694e+01 -5.458493e+01
7.303303e+01 -5.518532e+01
7.312913e+01 -5.587630e+01
7.322523e+01 -5.667240e+01
7.332132e+01 -5.759351e+01
7.341742e+01 -5.866768e+01
7.351351e+01 -5.993617e+01
7.360961e+01 -6.146293e+01
7.370571e+01 -6.335489e+01
7.380180e+01 -6.581154e+01
7.389790e+01 -6.927634e+01
7.399399e+01 -7.513213e+01
7.409009e+01 -1.000000e+02
7.418619e+01 -7.600564e+01
7.428228e+01 -6.985682e+01
7.437838e+01 -6.635840e+01
7.447447e+01 -6.393292e+01
7.457057e+01 -6.209802e+01
7.466667e+01 -6.064125e+01
7.476276e+01 -5.945014e+01
7.485886e+01 -5.845793e+01
7.495495e+01 -5.762185e+01
7.505105e+01 -5.691290e+01
7.514715e+01 -5.631059e+01
7.524324e+01 -5.579999e+01
7.533934e+01 -5.536995e+01
7.543544e+01 -5.501201e+01
7.553153e+01 -5.471970e+01
7.562763e+01 -5.448802e+01
7.572372e+01 -5.431315e+01
7.581982e+01 -5.419220e+01
7.591592e+01 -5.412310e+01
7.601201e+01 -5.410440e+01
7.610811e+01 -5.413532e+01
7.620420e+01 -5.421562e+01
7.630030e+01 -5.434561e+01
7.639640e+01 -5.452620e+01
7.649249e+01 -5.475892e+01
7.658859e+01 -5.504598e+01
7.668468e+01 -5.539038e+01
7.678078e+01 -5.579613e+01
7.687688e+01 -5.626843e+01
7.697297e+01 -5.681403e+01
7.706907e+01 -5.744177e+01
7.716517e+01 -5.816330e+01
7.726126e+01 -5.899429e+01
7.735736e+01 -5.995633e+01
7.745345e+01 -6.108016e+01
7.754955e+01 -6.241146e+01
7.764565e+01 -6.402229e+01
7.774174e+01 -6.603588e+01
7.783784e+01 -6.869040e+01
7.793393e+01 -7.254877e+01
7.803003e+01 -7.963899e+01
7.812613e+01 -9.161416e+01
7.822222e+01 -7.619513e+01
7.831832e+01 -7.102067e+01
7.841441e+01 -6.786873e+01
7.851051e+01 -6.562484e+01
7.860661e+01 -6.390422e+01
7.870270e+01 -6.252771e+01
7.879880e+01 -6.139729e+01
7.889489e+01 -6.045352e+01
7.899099e+01 -5.965772e+01
7.908709e+01 -5.898335e+01
7.918318e+01 -5.841152e+01
7.927928e+01 -5.792835e+01
7.937538e+01 -5.752343e+01
7.947147e+01 -5.718886e+01
7.956757e+01 -5.691853e+01
7.966366e+01 -5.670777e+01
7.975976e+01 -5.655300e+01
7.985586e+01 -5.645153e+01
7.995195e+01 -5.640141e+01
8.004805e+01 -5.640139e+01
8.014414e+01 -5.645076e+01
8.024024e+01 -5.654940e+01
8.033634e+01 -5.669775e+01
8.043243e+01 -5.689682e+01
8.052853e+01 -5.714824e+01
8.062462e+01 -5.745435e+01
8.072072e+01 -5.781831e+01
8.081682e+01 -5.824427e+01
8.091291e+01 -5.873766e+01
8.100901e+01 -5.930550e+01
8.110511e+01 -5.995697e+01
8.120120e+01 -6.070425e+01
8.129730e+01 -6.156372e+01
8.139339e+01 -6.255805e+01
8.148949e+01 -6.371971e+01
8.158559e+01 -6.509729e+01
8.168168e+01 -6.676821e+01
8.177778e+01 -6.886685e+01
8.187387e+01 -7.165882e+01
8.196997e+01 -7.579824e+01
8.206607e+01 -8.391038e+01
8.216216e+01 -8.947781e+01
8.225826e+01 -7.777202e+01
8.235435e+01 -7.304557e+01
8.245045e+01 -7.007641e+01
8.254655e+01 -6.793640e+01
8.264264e+01 -6.628569e+01
8.273874e+01 -6.496142e+01
8.283483e+01 -6.387288e+01
8.293093e+01 -6.296443e+01
8.302703e+01 -6.219952e+01
8.312312e+01 -6.155295e+01
8.321922e+01 -6.100666e+01
8.331532e+01 -6.054736e+01
8.341141e+01 -6.016502e+01
8.350751e+01 -5.985203e+01
8.360360e+01 -5.960250e+01
8.369970e+01 -5.941190e+01
8.379580e+01 -5.927678e+01
8.389189e+01 -5.919452e+01
8.398799e+01 -5.916327e+01
8.408408e+01 -5.918179e+01
8.418018e+01 -5.924944e+01
8.427628e+01 -5.936611e+01
8.437237e+01 -5.953225e+01
8.446847e+01 -5.974887e+01
8.456456e+01 -6.001759e+01
8.466066e+01 -6.034071e+01
8.475676e+01 -6.072137e+01
8.485285e+01 -6.116365e+01
8.494895e+01 -6.167288e+01
8.504505e+01 -6.225597e+01
8.514114e+01 -6.292192e+01
8.523724e+01 -6.368263e+01
8.533333e+01 -6.455410e+01
8.542943e+01 -6.555842e+01
8.552553e+01 -6.672708e+01
8.562162e+01 -6.810708e+01
8.571772e+01 -6.977278e+01
8.581381e+01 -7.185227e+01
8.590991e+01 -7.459548e+01
8.600601e+01 -7.860383e+01
8.610210e+01 -8.614499e+01
8.619820e+01 -9.501186e+01
8.629429e+01 -8.158330e+01
8.639039e+01 -7.664820e+01
8.648649e+01 -7.360988e+01
8.658258e+01 -7.144311e+01
8.667868e+01 -6.978413e+01
8.677477e+01 -6.846131e+01
8.687087e+01 -6.738000e+01
8.696697e+01 -6.648246e+01
8.706306e+01 -6.573099e+01
8.715916e+01 -6.509963e+01
8.725526e+01 -6.456983e+01
8.735135e+01 -6.412795e+01
8.744745e+01 -6.376373e+01
8.754354e+01 -6.346934e+01
8.763964e+01 -6.323872e+01
8.773574e+01 -6.306721e+01
8.783183e+01 -6.295119e+01
8.792793e+01 -6.288794e+01
8.802402e+01 -6.287544e+01
8.812012e+01 -6.291231e+01
8.821622e+01 -6.299772e+01
8.831231e+01 -6.313136e+01
8.840841e+01 -6.331346e+01
8.850450e+01 -6.354472e+01
8.860060e+01 -6.382644e+01
8.869670e+01 -6.416049e+01
8.879279e+01 -6.454944e+01
8.888889e+01 -6.499671e+01
8.898498e+01 -6.550670e+01
8.908108e+01 -6.608513e+01
8.917718e+01 -6.673936e+01
8.927327e+01 -6.747901e+01
8.936937e+01 -6.831680e+01
8.946547e+01 -6.926988e+01
8.956156e+01 -7.036208e+01
8.965766e+01 -7.162766e+01
8.975375e+01 -7.311825e+01
8.984985e+01 -7.491691e+01
8.994595e+01 -7.716993e+01
9.004204e+01 -8.017320e+01
9.013814e+01 -8.468760e+01
9.023423e+01 -9.418196e+01
9.033033e+01 -9.487899e+01
9.042643e+01 -8.531541e+01
9.052252e+01 -8.102451e+01
9.061862e+01 -7.828653e+01
9.071471e+01 -7.631272e+01
9.081081e+01 -7.479957e+01
9.090691e+01 -7.359786e+01
9.100300e+01 -7.262314e+01
9.109910e+01 -7.182301e+01
9.119520e+01 -7.116274e+01
9.129129e+01 -7.061820e+01
9.138739e+01 -7.017196e+01
9.148348e+01 -6.981109e+01
9.157958e+01 -6.952576e+01
9.167568e+01 -6.930838e+01
9.177177e+01 -6.915300e+01
9.186787e+01 -6.905491e+01
9.196396e+01 -6.901040e+01
9.206006e+01 -6.901648e+01
9.215616e+01 -6.907082e+01
9.225225e+01 -6.917158e+01
9.234835e+01 -6.931735e+01
9.244444e+01 -6.950710e+01
9.254054e+01 -6.974012e+01
9.263664e+01 -7.001599e+01
9.273273e+01 -7.033458e+01
9.282883e+01 -7.069599e+01
9.292492e+01 -7.110057e+01
9.302102e+01 -7.154893e+01
9.311712e+01 -7.204190e+01
9.321321e+01 -7.258058e+01
9.330931e+01 -7.316633e+01
9.340541e+01 -7.380080e+01
9.350150e+01 -7.448594e+01
9.359760e+01 -7.522407e+01
9.369369e+01 -7.601788e+01
9.378979e+01 -7.687049e+01
9.388589e+01 -7.778557e+01
9.398198e+01 -7.876735e+01
9.407808e+01 -7.982077e+01
9.417417e+01 -8.095161e+01
9.427027e+01 -8.216666e+01
9.436637e+01 -8.347396e+01
9.446246e+01 -8.488304e+01
9.455856e+01 -8.640536e+01
9.465465e+01 -8.805484e+01
9.475075e+01 -8.984850e+01
9.484685e+01 -9.180757e+01
9.494294e+01 -9.395883e+01
9.503904e+01 -9.633683e+01
9.513514e+01 -9.898710e+01
9.523123e+01 -1.000000e+02
9.532733e+01 -1.000000e+02
9.542342e+01 -1.000000e+02
9.551952e+01 -1.000000e+02
9.561562e+01 -1.000000e+02
9.571171e+01 -1.000000e+02
9.580781e+01 -1.000000e+02
9.590390e+01 -1.000000e+02
9.600000e+01 -1.000000e+02
